	x0	x1	x2	x3	x4
0	4.946898e+01	5.115703e+10	1.332855e-05	4.773009e+02	2.571496e-04
1	4.483733e+00	1.576974e+10	1.955730e-02	7.882100e+03	2.142467e-05
2	4.989046e+01	2.479885e+10	1.877680e-05	3.212502e+02	1.806497e-04
3	4.972342e+00	7.663519e+09	1.774850e-02	4.743318e+03	1.606997e-05
4	5.121336e+01	1.789106e+10	2.972394e-05	2.674262e+02	1.506689e-04
5	4.382946e+00	3.862848e+09	2.830338e-02	3.642464e+03	1.081874e-05
6	8.245810e+01	1.041492e+09	2.379449e-05	6.263476e+01	9.358477e-05
7	7.263684e+00	2.187838e+08	3.809274e-02	9.046582e+02	7.239967e-06
8	5.409805e+01	4.410952e+10	1.263834e-05	4.468272e+02	2.654369e-04
9	4.919905e+00	1.331061e+10	2.362180e-02	7.601751e+03	2.268540e-05
10	5.350747e+01	1.919901e+10	1.825343e-05	2.857663e+02	1.785920e-04
11	5.107550e+00	5.750961e+09	1.985780e-02	4.282138e+03	1.533466e-05
12	5.601050e+01	1.222637e+10	2.633115e-05	2.194508e+02	1.463481e-04
13	5.030193e+00	2.945667e+09	2.486842e-02	3.008093e+03	1.127067e-05
14	5.490801e+01	4.093046e+10	9.867132e-06	4.118422e+02	2.523404e-04
15	5.081479e+00	1.147026e+10	2.264247e-02	7.055837e+03	2.205175e-05
16	8.513540e+01	1.101534e+09	2.194708e-05	6.434765e+01	9.645570e-05
17	7.546805e+00	2.578444e+08	3.627592e-02	9.298447e+02	7.750605e-06
18	5.733042e+01	3.869503e+10	9.177635e-06	4.005025e+02	2.539701e-04
19	5.439299e+00	1.108612e+10	2.305971e-02	6.969900e+03	2.308298e-05
20	5.744973e+01	1.481343e+10	1.509384e-05	2.463216e+02	1.735652e-04
21	5.383204e+00	4.637365e+09	1.899094e-02	3.757475e+03	1.498963e-05
22	5.935676e+01	8.689822e+09	2.326565e-05	1.838247e+02	1.391241e-04
23	5.485160e+00	2.299983e+09	2.227397e-02	2.548951e+03	1.124442e-05
24	5.642618e+01	3.409869e+10	8.928467e-06	3.803278e+02	2.381532e-04
25	5.480242e+00	1.032760e+10	2.162599e-02	6.692614e+03	2.228832e-05
26	8.644995e+01	1.117847e+09	1.865723e-05	6.374073e+01	9.550141e-05
27	7.875115e+00	2.788431e+08	3.359221e-02	9.175599e+02	8.094277e-06
28	5.938379e+01	1.413480e+10	1.399944e-05	2.395908e+02	1.730872e-04
29	5.536781e+00	4.291819e+09	2.016480e-02	3.696907e+03	1.499771e-05
30	6.466641e+01	6.651986e+09	2.137047e-05	1.615429e+02	1.383832e-04
31	5.701472e+00	1.802401e+09	2.378619e-02	2.272973e+03	1.091263e-05
32	5.890543e+01	3.332673e+10	8.688600e-06	3.824830e+02	2.431869e-04
33	5.899436e+00	1.166225e+10	2.043468e-02	6.940894e+03	2.410080e-05
34	8.845014e+01	1.123831e+09	1.837474e-05	6.475172e+01	9.642710e-05
35	7.626258e+00	2.866472e+08	3.335486e-02	9.256409e+02	7.806280e-06
36	6.189791e+01	1.351681e+10	1.157631e-05	2.273468e+02	1.721156e-04
37	5.699469e+00	3.902614e+09	2.046546e-02	3.556368e+03	1.489141e-05
38	6.613087e+01	5.266561e+09	1.932292e-05	1.428394e+02	1.301624e-04
39	6.405087e+00	1.419826e+09	2.293433e-02	2.016785e+03	1.132475e-05
40	5.614278e+01	3.297155e+10	9.322451e-06	3.989605e+02	2.293489e-04
41	6.063383e+00	1.353687e+10	1.982471e-02	7.477602e+03	2.500123e-05
42	9.195584e+01	1.121956e+09	1.505981e-05	6.283862e+01	9.713133e-05
43	7.926167e+00	3.050001e+08	3.017773e-02	9.092128e+02	8.055303e-06
44	5.496679e+01	3.037024e+10	1.045676e-05	3.994899e+02	2.221787e-04
45	5.966673e+00	1.420391e+10	1.889516e-02	7.586912e+03	2.455971e-05
46	6.097965e+01	1.162934e+10	1.163558e-05	2.158100e+02	1.611536e-04
47	6.133191e+00	3.711019e+09	1.896303e-02	3.401705e+03	1.541562e-05
48	7.033490e+01	4.829980e+09	1.547512e-05	1.321629e+02	1.304001e-04
49	6.466986e+00	1.249540e+09	2.335123e-02	1.893308e+03	1.095974e-05
50	8.828774e+01	1.174616e+09	1.487658e-05	6.529959e+01	9.293594e-05
51	8.234832e+00	3.395593e+08	2.891729e-02	9.405460e+02	8.447343e-06
52	6.310525e+01	1.143295e+10	1.101967e-05	2.144551e+02	1.629535e-04
53	6.147202e+00	3.739083e+09	1.881623e-02	3.426070e+03	1.525145e-05
54	7.109795e+01	4.472081e+09	1.342767e-05	1.252745e+02	1.256454e-04
55	6.885693e+00	1.151579e+09	2.395358e-02	1.823258e+03	1.132392e-05
56	8.566237e+01	1.163116e+09	1.486784e-05	6.551396e+01	8.949089e-05
57	8.701436e+00	3.571607e+08	2.736419e-02	9.445959e+02	8.923552e-06
58	6.393722e+01	1.185710e+10	1.092963e-05	2.224448e+02	1.643234e-04
59	6.273983e+00	4.071748e+09	1.962703e-02	3.612899e+03	1.574634e-05
60	7.158493e+01	3.958324e+09	1.478651e-05	1.224540e+02	1.223809e-04
61	7.152860e+00	1.110486e+09	2.228784e-02	1.763128e+03	1.139363e-05
62	8.693862e+01	1.146943e+09	1.517279e-05	6.632442e+01	9.013759e-05
63	8.772980e+00	3.907642e+08	2.562024e-02	9.615584e+02	9.051342e-06
64	6.689524e+01	1.318817e+10	8.949686e-06	2.281816e+02	1.702947e-04
65	6.578743e+00	4.715770e+09	1.889099e-02	3.813133e+03	1.677987e-05
66	7.484087e+01	3.965324e+09	1.276728e-05	1.205020e+02	1.243263e-04
67	7.109556e+00	1.102793e+09	2.266511e-02	1.761248e+03	1.118823e-05
68	6.531762e+01	1.346405e+10	9.437775e-06	2.378424e+02	1.668901e-04
69	6.900199e+00	5.531809e+09	1.793990e-02	4.049861e+03	1.798423e-05
70	9.068737e+01	1.192378e+09	1.353554e-05	6.695801e+01	9.271048e-05
71	8.839278e+00	4.325818e+08	2.305282e-02	9.755576e+02	9.127561e-06
72	7.704229e+01	4.075306e+09	1.087323e-05	1.202566e+02	1.246706e-04
73	7.254816e+00	1.165779e+09	2.199840e-02	1.788100e+03	1.135869e-05
74	6.418754e+01	1.332769e+10	1.130402e-05	2.536213e+02	1.659653e-04
75	6.568765e+00	6.931583e+09	1.646969e-02	4.419676e+03	1.768054e-05
76	8.872691e+01	1.293897e+09	1.483283e-05	7.228039e+01	9.242823e-05
77	8.898297e+00	4.953896e+08	2.257585e-02	1.042081e+03	9.384610e-06
78	7.948361e+01	4.046788e+09	1.098850e-05	1.230958e+02	1.269610e-04
79	7.395986e+00	1.333814e+09	2.073986e-02	1.868965e+03	1.170586e-05
80	6.152239e+01	1.541712e+10	1.302331e-05	2.890067e+02	1.666287e-04
81	6.453462e+00	9.556130e+09	1.650693e-02	5.147404e+03	1.860003e-05
82	8.605198e+01	1.424884e+09	1.611527e-05	7.941904e+01	9.190653e-05
83	9.228511e+00	6.212090e+08	2.271069e-02	1.153367e+03	1.021883e-05
84	7.562220e+01	4.087581e+09	1.156054e-05	1.271021e+02	1.210280e-04
85	7.648395e+00	1.474694e+09	2.006887e-02	1.938864e+03	1.226293e-05
86	5.958262e+01	1.829061e+10	1.342364e-05	3.250651e+02	1.679308e-04
87	6.162313e+00	1.345497e+10	1.538735e-02	5.978564e+03	1.892958e-05
88	8.863643e+01	1.623565e+09	1.527982e-05	8.551220e+01	9.647487e-05
89	9.108557e+00	7.810654e+08	2.169376e-02	1.262904e+03	1.053331e-05
90	7.659594e+01	4.134843e+09	1.265531e-05	1.334828e+02	1.233581e-04
91	7.509129e+00	1.747015e+09	1.910062e-02	2.066431e+03	1.235085e-05
92	8.756399e+01	1.864147e+09	1.448405e-05	9.198780e+01	9.754766e-05
93	9.171451e+00	9.897214e+08	2.043221e-02	1.378973e+03	1.109298e-05
94	7.647382e+01	4.874274e+09	1.152412e-05	1.444536e+02	1.258382e-04
95	7.510342e+00	2.244657e+09	1.802276e-02	2.281157e+03	1.291249e-05
96	9.037426e+01	2.251547e+09	1.432460e-05	1.032047e+02	1.048064e-04
97	8.869791e+00	1.447894e+09	1.831030e-02	1.582281e+03	1.152611e-05
98	7.637903e+01	5.438475e+09	1.315546e-05	1.618912e+02	1.301968e-04
99	7.498930e+00	3.230256e+09	1.645110e-02	2.631199e+03	1.377207e-05
100	7.162485e+01	6.296407e+09	1.405573e-05	1.811514e+02	1.271123e-04
101	7.110996e+00	4.219689e+09	1.632036e-02	2.978262e+03	1.384762e-05
102	6.807624e+01	7.707369e+09	1.452356e-05	2.066081e+02	1.269735e-04
103	6.979100e+00	6.054339e+09	1.539408e-02	3.475501e+03	1.463049e-05
104	8.517096e+01	4.272666e+10	2.167989e-04	1.381043e+03	2.077722e-03
105	7.088619e+00	3.913596e+11	2.541319e-03	3.451216e+04	1.991700e-04
106	5.650324e+01	8.322174e+10	1.029728e-04	1.106913e+03	8.175157e-04
107	4.962251e+00	7.420738e+10	8.865707e-03	1.843542e+04	6.566515e-05
108	8.334952e+01	2.611310e+10	2.714164e-04	1.157650e+03	1.800550e-03
109	7.973615e+00	2.683200e+11	2.519777e-03	2.946482e+04	1.967166e-04
110	7.108780e+01	6.169714e+10	5.927161e-05	7.013724e+02	6.000297e-04
111	5.674147e+00	3.462235e+10	8.311615e-03	1.022253e+04	3.879504e-05
112	6.610993e+01	1.913731e+10	2.817576e-04	7.088184e+02	7.470250e-04
113	5.437727e+00	3.094074e+10	1.074028e-02	1.203572e+04	5.841274e-05
114	8.481397e+01	2.805990e+10	2.392101e-04	1.166733e+03	1.830585e-03
115	8.295646e+00	2.881191e+11	2.481845e-03	3.022025e+04	2.080626e-04
116	7.450797e+01	1.859668e+10	8.602644e-05	3.720138e+02	3.588686e-04
117	5.557706e+00	7.503968e+09	1.538091e-02	5.019491e+03	2.058302e-05
118	8.446292e+01	1.201268e+10	9.831662e-05	3.617632e+02	4.986888e-04
119	6.886975e+00	1.081363e+10	7.674658e-03	5.427943e+03	3.639935e-05
120	1.052745e+02	1.996722e+10	1.889265e-04	9.498741e+02	1.949263e-03
121	9.237522e+00	2.306515e+11	2.097333e-03	2.638269e+04	2.051483e-04
122	7.831526e+01	5.353847e+09	4.223500e-04	4.340714e+02	6.723210e-04
123	6.621447e+00	1.333099e+10	1.163322e-02	7.715012e+03	5.662674e-05
124	1.038175e+02	1.173639e+10	3.157375e-04	8.324463e+02	1.761878e-03
125	8.799389e+00	1.511113e+11	2.103308e-03	2.241691e+04	1.694150e-04
126	9.077189e+01	3.366366e+09	4.363444e-04	3.565214e+02	6.870165e-04
127	7.090702e+00	1.001767e+10	1.181143e-02	6.602462e+03	5.597442e-05
128	9.171013e+01	5.238246e+09	1.066160e-04	2.141951e+02	3.278255e-04
129	7.391663e+00	3.188870e+09	1.152485e-02	2.902684e+03	2.212839e-05
130	9.774212e+01	4.082018e+09	1.541611e-04	2.417260e+02	4.576228e-04
131	8.027844e+00	4.585535e+09	9.820076e-03	3.726209e+03	3.502486e-05
132	1.097712e+02	2.341529e+09	3.745170e-04	2.936802e+02	7.337302e-04
133	8.375328e+00	8.589579e+09	1.003854e-02	5.766058e+03	6.124173e-05
134	1.038077e+02	1.794934e+09	1.660106e-04	1.436062e+02	2.954209e-04
135	8.128706e+00	1.387079e+09	1.445845e-02	2.003247e+03	1.995585e-05
136	1.097743e+02	1.397119e+09	2.604490e-04	1.656251e+02	4.130598e-04
137	9.094913e+00	1.984333e+09	1.315793e-02	2.621327e+03	3.324133e-05
138	6.494669e+01	3.591001e+10	6.369724e-05	4.175410e+02	2.771678e-04
139	4.360879e+00	1.090362e+10	8.418834e-03	5.322005e+03	1.278190e-05
140	1.198845e+02	1.968412e+09	3.426594e-04	2.688610e+02	7.412478e-04
141	9.436890e+00	8.215980e+09	8.982123e-03	5.486699e+03	6.575409e-05
142	7.036458e+01	8.733446e+09	7.817259e-05	2.225610e+02	2.158054e-04
143	5.403442e+00	3.226274e+09	1.034970e-02	2.851261e+03	1.191051e-05
144	1.247824e+02	6.735353e+08	2.346081e-04	9.827631e+01	2.856876e-04
145	9.674264e+00	8.054137e+08	1.023506e-02	1.380438e+03	2.069870e-05
146	1.172330e+02	7.171341e+08	3.302264e-04	1.295303e+02	3.798677e-04
147	9.883115e+00	1.225645e+09	1.552598e-02	2.096147e+03	3.213557e-05
148	1.180619e+02	1.484805e+09	4.050173e-04	2.469899e+02	6.751763e-04
149	9.483278e+00	6.639872e+09	8.964952e-03	5.095452e+03	6.030925e-05
150	1.307307e+02	3.153119e+08	3.397049e-04	7.608410e+01	2.568374e-04
151	1.070945e+01	4.991632e+08	1.188309e-02	1.096885e+03	2.044476e-05
152	9.513604e+01	1.892928e+09	1.132861e-04	1.175563e+02	2.049782e-04
153	7.477229e+00	9.813007e+08	1.109195e-02	1.523116e+03	1.227888e-05
154	1.403980e+02	3.363887e+08	3.540343e-04	9.274119e+01	3.640989e-04
155	1.173468e+01	5.387311e+08	2.052328e-02	1.529097e+03	3.137570e-05
156	1.326018e+02	1.362895e+09	3.395894e-04	2.308382e+02	7.111478e-04
157	1.061498e+01	7.136045e+09	7.385005e-03	5.038504e+03	6.551031e-05
158	1.243062e+02	6.734400e+08	1.338182e-04	7.526182e+01	2.103951e-04
159	1.042146e+01	4.453122e+08	1.195569e-02	9.798088e+02	1.515383e-05
160	1.341580e+02	1.696202e+08	4.223452e-04	6.076292e+01	2.296460e-04
161	1.177769e+01	3.288019e+08	1.383436e-02	9.029600e+02	2.011325e-05
162	1.510905e+02	2.763055e+08	3.522413e-04	8.537353e+01	3.658643e-04
163	1.209073e+01	4.516083e+08	2.212097e-02	1.427326e+03	3.088457e-05
164	1.334666e+02	1.059019e+09	3.845983e-04	2.135594e+02	6.639212e-04
165	1.077561e+01	6.265845e+09	7.030561e-03	4.819659e+03	6.154896e-05
166	1.297012e+02	3.523595e+08	1.893868e-04	6.050652e+01	1.931136e-04
167	1.089604e+01	2.847698e+08	1.361973e-02	7.999998e+02	1.436343e-05
168	1.420495e+02	1.288705e+08	4.333712e-04	5.419160e+01	2.229439e-04
169	1.265068e+01	2.581245e+08	1.461278e-02	8.128288e+02	2.001122e-05
170	1.538681e+02	2.579621e+08	3.488025e-04	8.299226e+01	3.627478e-04
171	1.244813e+01	4.276538e+08	2.274757e-02	1.397691e+03	3.135744e-05
172	1.305847e+02	8.045619e+08	4.687030e-04	1.978786e+02	6.038061e-04
173	1.078283e+01	5.011508e+09	7.014702e-03	4.530712e+03	5.560734e-05
174	1.333592e+02	1.384188e+08	3.407337e-04	4.549924e+01	1.667420e-04
175	1.088402e+01	1.620830e+08	1.621104e-02	6.214033e+02	1.225068e-05
176	1.503781e+02	1.010181e+08	4.380991e-04	4.894317e+01	2.178486e-04
177	1.338193e+01	2.165482e+08	1.428787e-02	7.429686e+02	1.988590e-05
178	1.592099e+02	2.225034e+08	3.302699e-04	7.810548e+01	3.470543e-04
179	1.328561e+01	3.940806e+08	2.184728e-02	1.340257e+03	3.154073e-05
180	1.376199e+02	7.580118e+08	4.363077e-04	1.915421e+02	6.105036e-04
181	1.142314e+01	5.260579e+09	6.543110e-03	4.630054e+03	5.803039e-05
182	1.574971e+02	6.623597e+07	4.545354e-04	3.482696e+01	1.682862e-04
183	1.354976e+01	1.042132e+08	1.596777e-02	4.800994e+02	1.399056e-05
184	1.576536e+02	8.227879e+07	4.395322e-04	4.493344e+01	2.125272e-04
185	1.406318e+01	1.858593e+08	1.402409e-02	6.905564e+02	1.970222e-05
186	1.533310e+02	2.255841e+08	3.418827e-04	7.994456e+01	3.313297e-04
187	1.291377e+01	4.260959e+08	1.943540e-02	1.374608e+03	2.991784e-05
188	1.727788e+02	4.062518e+07	5.022294e-04	2.863325e+01	1.629464e-04
189	1.434343e+01	7.441039e+07	1.574740e-02	4.014136e+02	1.349678e-05
190	1.608568e+02	1.662156e+08	1.142333e-04	3.174638e+01	1.529089e-04
191	1.264905e+01	9.579595e+07	7.240916e-03	4.249501e+02	8.679721e-06
192	1.697801e+02	6.996272e+07	4.391706e-04	4.206776e+01	2.134269e-04
193	1.431562e+01	1.536758e+08	1.464327e-02	6.493005e+02	1.877747e-05
194	1.545335e+02	2.348355e+08	3.395140e-04	8.225857e+01	3.341864e-04
195	1.309926e+01	4.674276e+08	1.941145e-02	1.442740e+03	3.108504e-05
196	1.791617e+02	3.352110e+07	5.184726e-04	2.668296e+01	1.586274e-04
197	1.496146e+01	6.380192e+07	1.706785e-02	3.777812e+02	1.328584e-05
198	1.574481e+02	1.131796e+08	1.693022e-04	2.966092e+01	1.418355e-04
199	1.232729e+01	7.887146e+07	8.763203e-03	3.829346e+02	8.413779e-06
200	1.758413e+02	6.633890e+07	4.213293e-04	4.099738e+01	2.136491e-04
201	1.462271e+01	1.399571e+08	1.630564e-02	6.437044e+02	1.897254e-05
202	1.579168e+02	2.614815e+08	3.029959e-04	8.559436e+01	3.401009e-04
203	1.381182e+01	5.560574e+08	1.744501e-02	1.538584e+03	3.333270e-05
204	1.558863e+02	7.883544e+07	2.127690e-04	2.689578e+01	1.306890e-04
205	1.205070e+01	5.738953e+07	1.401654e-02	3.586488e+02	8.041065e-06
206	1.848119e+02	2.745947e+07	5.347870e-04	2.477869e+01	1.532793e-04
207	1.543291e+01	5.485351e+07	1.788698e-02	3.552497e+02	1.294648e-05
208	1.780180e+02	6.197828e+07	4.277139e-04	4.031180e+01	2.086608e-04
209	1.489916e+01	1.344074e+08	1.602328e-02	6.348287e+02	1.867313e-05
210	1.561767e+02	2.663520e+08	3.112466e-04	8.831959e+01	3.319614e-04
211	1.398360e+01	6.158143e+08	1.633227e-02	1.617494e+03	3.355026e-05
212	1.710514e+02	4.975041e+07	2.661532e-04	2.323716e+01	1.300345e-04
213	1.371812e+01	4.345846e+07	1.680340e-02	3.128367e+02	8.894970e-06
214	1.873907e+02	2.311821e+07	5.331510e-04	2.308758e+01	1.458082e-04
215	1.668759e+01	4.918215e+07	1.694207e-02	3.333311e+02	1.329840e-05
216	1.811473e+02	5.582952e+07	4.275112e-04	3.883494e+01	2.029611e-04
217	1.527191e+01	1.307262e+08	1.460084e-02	6.165334e+02	1.826351e-05
218	1.554288e+02	2.687448e+08	3.066764e-04	8.968176e+01	3.236762e-04
219	1.407411e+01	6.718135e+08	1.473393e-02	1.677817e+03	3.328325e-05
220	1.655318e+02	3.680305e+07	3.401292e-04	2.152226e+01	1.200035e-04
221	1.462938e+01	3.750659e+07	1.782638e-02	2.917551e+02	9.313982e-06
222	1.910454e+02	2.042527e+07	5.344290e-04	2.205657e+01	1.412109e-04
223	1.738112e+01	4.527710e+07	1.666779e-02	3.208279e+02	1.326462e-05
224	1.832495e+02	5.427014e+07	4.229476e-04	3.865465e+01	1.995349e-04
225	1.553566e+01	1.245937e+08	1.514702e-02	6.168634e+02	1.817489e-05
226	1.557604e+02	2.608666e+08	3.326037e-04	9.132834e+01	3.185946e-04
227	1.350908e+01	6.723438e+08	1.516084e-02	1.739991e+03	3.148353e-05
228	1.773993e+02	2.297441e+07	4.543301e-04	1.872753e+01	1.177274e-04
229	1.501940e+01	2.879030e+07	1.958174e-02	2.557383e+02	8.981962e-06
230	2.038162e+02	1.786473e+07	4.926852e-04	2.049200e+01	1.410198e-04
231	1.836715e+01	4.103025e+07	1.467852e-02	3.009365e+02	1.334293e-05
232	1.875968e+02	5.513662e+07	4.080649e-04	3.903649e+01	2.001669e-04
233	1.598181e+01	1.154089e+08	1.756812e-02	6.275608e+02	1.869764e-05
234	1.508095e+02	2.428277e+08	3.524595e-04	9.077368e+01	2.999992e-04
235	1.417505e+01	6.995267e+08	1.414515e-02	1.774517e+03	3.241017e-05
236	1.950580e+02	1.060070e+07	6.341697e-04	1.451582e+01	1.094440e-04
237	1.638981e+01	1.871819e+07	2.163683e-02	2.027368e+02	8.811631e-06
238	2.076266e+02	1.827965e+07	5.054504e-04	2.096683e+01	1.421406e-04
239	1.794670e+01	3.837947e+07	1.597927e-02	3.037081e+02	1.283708e-05
240	1.950661e+02	5.312787e+07	3.968650e-04	3.853161e+01	2.018345e-04
241	1.603251e+01	1.106615e+08	1.761457e-02	6.234505e+02	1.831181e-05
242	1.491924e+02	2.305342e+08	3.824889e-04	9.159702e+01	2.900153e-04
243	1.436995e+01	7.089595e+08	1.410987e-02	1.836671e+03	3.229958e-05
244	2.003130e+02	8.632855e+06	6.573766e-04	1.345741e+01	1.049218e-04
245	1.704632e+01	1.588162e+07	2.194640e-02	1.881215e+02	8.577218e-06
246	2.029252e+02	1.743823e+07	5.038475e-04	2.078052e+01	1.346138e-04
247	1.894444e+01	3.758082e+07	1.607665e-02	3.035167e+02	1.328188e-05
248	1.903536e+02	5.090381e+07	4.010133e-04	3.826359e+01	1.917637e-04
249	1.676781e+01	1.059195e+08	1.772886e-02	6.201101e+02	1.865934e-05
250	1.477597e+02	2.077412e+08	4.164526e-04	9.020322e+01	2.777599e-04
251	1.480812e+01	7.050199e+08	1.366871e-02	1.865085e+03	3.245348e-05
252	2.101538e+02	7.354238e+06	6.580170e-04	1.264526e+01	1.041778e-04
253	1.786749e+01	1.459117e+07	2.158452e-02	1.782686e+02	8.724183e-06
254	2.030075e+02	1.587674e+07	5.094344e-04	2.025044e+01	1.295652e-04
255	1.967433e+01	3.927764e+07	1.409339e-02	2.993335e+02	1.330318e-05
256	1.933093e+02	4.948452e+07	4.027278e-04	3.836397e+01	1.898803e-04
257	1.742297e+01	1.034875e+08	1.839473e-02	6.252791e+02	1.918505e-05
258	3.093959e+02	9.546057e+05	8.967305e-04	5.115507e+00	7.038966e-05
259	2.671594e+01	2.544070e+06	2.187256e-02	7.567636e+01	5.998674e-06
260	2.147618e+02	7.083735e+06	6.501194e-04	1.243079e+01	1.049409e-04
261	1.836320e+01	1.446458e+07	2.110972e-02	1.756308e+02	8.937978e-06
262	2.084936e+02	1.687369e+07	4.879988e-04	2.087622e+01	1.315451e-04
263	1.947479e+01	3.698639e+07	1.642001e-02	3.090303e+02	1.327268e-05
264	1.980209e+02	4.774404e+07	3.928590e-04	3.793364e+01	1.894739e-04
265	1.793402e+01	1.015837e+08	1.823525e-02	6.247239e+02	1.950608e-05
266	3.079881e+02	1.080271e+06	8.431863e-04	5.417011e+00	7.084192e-05
267	2.715279e+01	2.902838e+06	2.054447e-02	7.867227e+01	6.305342e-06
268	2.245498e+02	6.274981e+06	6.383178e-04	1.183182e+01	1.043880e-04
269	1.912100e+01	1.357215e+07	2.025604e-02	1.682788e+02	9.000135e-06
270	2.095430e+02	1.671585e+07	4.910023e-04	2.101560e+01	1.301258e-04
271	1.955581e+01	3.687226e+07	1.632811e-02	3.112154e+02	1.314824e-05
272	1.943738e+02	4.435122e+07	4.125914e-04	3.754351e+01	1.804650e-04
273	1.799003e+01	9.859279e+07	1.744130e-02	6.187813e+02	1.881420e-05
274	3.073175e+02	1.221544e+06	8.323334e-04	5.806137e+00	7.155016e-05
275	2.584222e+01	3.186160e+06	2.031337e-02	8.258840e+01	6.061811e-06
276	2.184093e+02	1.654598e+07	4.557931e-04	2.084054e+01	1.318140e-04
277	2.036863e+01	3.626937e+07	1.664386e-02	3.132278e+02	1.365215e-05
278	2.302167e+02	5.872419e+06	6.239613e-04	1.153926e+01	1.029859e-04
279	1.979200e+01	1.306341e+07	1.960036e-02	1.645663e+02	9.058838e-06
280	1.946963e+02	4.052915e+07	4.402650e-04	3.706952e+01	1.755881e-04
281	1.846473e+01	9.590258e+07	1.724638e-02	6.140033e+02	1.884128e-05
282	2.998045e+02	1.284177e+06	7.977187e-04	5.959369e+00	6.936294e-05
283	2.736241e+01	3.412768e+06	1.917124e-02	8.411516e+01	6.502945e-06
284	2.285020e+02	1.642838e+07	4.536434e-04	2.102312e+01	1.352606e-04
285	1.989517e+01	3.659115e+07	1.638119e-02	3.168727e+02	1.317807e-05
286	2.333022e+02	5.972230e+06	6.192174e-04	1.171558e+01	1.023540e-04
287	2.032770e+01	1.268110e+07	1.985202e-02	1.649814e+02	9.176311e-06
288	1.922974e+02	4.012178e+07	4.354193e-04	3.722685e+01	1.708336e-04
289	1.925370e+01	9.815637e+07	1.689317e-02	6.224765e+02	1.962125e-05
290	3.036686e+02	1.323405e+06	7.809291e-04	6.094110e+00	6.962195e-05
291	2.790319e+01	3.637311e+06	1.797003e-02	8.541012e+01	6.691627e-06
292	2.242581e+02	1.576131e+07	4.904408e-04	2.126102e+01	1.304408e-04
293	1.973846e+01	3.617280e+07	1.604104e-02	3.179788e+02	1.272323e-05
294	2.355384e+02	5.430309e+06	6.073181e-04	1.126884e+01	9.870739e-05
295	2.209636e+01	1.200724e+07	1.817728e-02	1.582121e+02	9.628426e-06
296	1.957345e+02	3.970416e+07	4.458406e-04	3.787676e+01	1.720953e-04
297	2.013642e+01	1.044500e+08	1.698418e-02	6.420929e+02	2.089606e-05
298	3.006022e+02	1.455686e+06	7.767326e-04	6.418509e+00	6.962655e-05
299	2.800945e+01	3.781756e+06	1.840117e-02	8.817491e+01	6.874588e-06
300	2.214905e+02	1.530251e+07	4.921052e-04	2.128016e+01	1.261316e-04
301	2.083144e+01	3.633106e+07	1.589881e-02	3.205022e+02	1.333695e-05
302	2.033484e+02	4.240090e+07	4.402488e-04	3.974830e+01	1.793480e-04
303	2.084730e+01	1.231553e+08	1.622290e-02	6.857743e+02	2.226170e-05
304	2.412303e+02	5.099817e+06	6.036284e-04	1.103909e+01	9.739259e-05
305	2.328157e+01	1.117494e+07	1.773112e-02	1.542790e+02	9.888703e-06
306	3.204889e+02	1.392993e+06	7.460445e-04	6.247461e+00	7.240239e-05
307	2.821635e+01	3.582941e+06	1.705226e-02	8.506369e+01	6.816433e-06
308	2.243326e+02	1.531811e+07	4.760797e-04	2.142433e+01	1.255820e-04
309	2.200333e+01	3.732649e+07	1.576259e-02	3.257482e+02	1.418887e-05
310	2.549030e+02	4.948161e+06	5.858763e-04	1.093424e+01	9.973717e-05
311	2.277305e+01	1.082764e+07	1.713933e-02	1.528479e+02	9.388910e-06
312	6.728089e+01	2.759126e+10	3.090400e-05	2.481578e+02	1.476363e-04
313	5.610251e+00	6.029435e+09	3.874217e-03	2.295892e+03	8.425602e-06
314	1.700073e+02	1.687355e+08	2.170321e-05	1.899788e+01	7.730066e-05
315	2.954530e+01	2.560402e+07	8.606195e-03	1.446484e+02	1.022568e-05
316	2.819276e+02	1.496329e+06	7.843628e-04	6.654133e+00	6.440597e-05
317	3.066710e+01	4.072485e+06	1.676485e-02	8.989477e+01	7.537841e-06
318	2.226457e+02	1.497676e+07	5.456736e-04	2.221697e+01	1.244072e-04
319	2.076212e+01	3.917698e+07	1.546321e-02	3.347400e+02	1.324070e-05
320	2.446967e+02	5.127394e+06	6.143814e-04	1.142074e+01	9.543590e-05
321	2.316831e+01	1.171154e+07	1.690511e-02	1.587324e+02	9.530309e-06
322	2.895277e+02	1.453741e+06	7.782066e-04	6.602312e+00	6.479620e-05
323	3.166234e+01	3.672504e+06	1.736563e-02	8.801294e+01	7.676089e-06
324	2.236530e+02	1.496567e+07	5.515548e-04	2.259329e+01	1.236668e-04
325	2.097157e+01	4.139803e+07	1.484232e-02	3.426673e+02	1.338557e-05
326	2.367565e+02	5.048413e+06	6.187483e-04	1.148102e+01	9.084872e-05
327	2.414210e+01	1.187395e+07	1.648415e-02	1.597461e+02	9.786798e-06
328	3.037816e+02	1.523416e+06	7.735493e-04	6.864904e+00	6.793483e-05
329	3.054355e+01	4.041691e+06	1.691849e-02	9.155766e+01	7.565155e-06
330	2.285906e+02	1.522617e+07	5.560520e-04	2.321751e+01	1.259628e-04
331	2.160329e+01	4.604300e+07	1.448897e-02	3.575423e+02	1.416612e-05
332	2.427409e+02	4.800217e+06	6.183990e-04	1.135547e+01	9.032022e-05
333	2.446440e+01	1.155045e+07	1.579897e-02	1.580129e+02	9.671659e-06
334	2.231432e+02	1.559644e+07	5.690456e-04	2.402316e+01	1.230612e-04
335	2.275300e+01	5.241520e+07	1.384260e-02	3.755815e+02	1.526329e-05
336	3.026935e+02	1.622664e+06	7.727334e-04	7.181640e+00	6.822838e-05
337	3.069704e+01	4.548245e+06	1.660744e-02	9.604361e+01	7.842839e-06
338	2.511302e+02	4.662027e+06	6.141054e-04	1.130936e+01	9.093411e-05
339	2.440673e+01	1.090119e+07	1.566832e-02	1.564376e+02	9.365845e-06
340	2.525881e+02	4.645647e+06	6.123908e-04	1.140625e+01	9.022131e-05
341	2.457212e+01	1.103030e+07	1.534039e-02	1.577437e+02	9.345468e-06
342	2.600941e+02	4.637865e+06	6.078090e-04	1.155344e+01	9.137729e-05
343	2.444350e+01	1.131478e+07	1.503531e-02	1.602938e+02	9.257497e-06
344	2.527417e+02	4.702342e+06	6.701064e-04	1.205721e+01	8.923208e-05
345	2.424345e+01	1.243601e+07	1.439334e-02	1.655504e+02	9.209897e-06
346	2.548953e+02	4.678897e+06	6.797609e-04	1.225858e+01	8.877773e-05
347	2.441633e+01	1.267993e+07	1.419672e-02	1.682647e+02	9.248875e-06
348	2.563757e+02	4.701396e+06	6.911148e-04	1.249566e+01	8.875088e-05
349	2.449994e+01	1.323040e+07	1.398643e-02	1.718067e+02	9.329624e-06
350	2.627823e+02	5.356545e+06	6.348553e-04	1.334520e+01	9.234388e-05
351	2.579492e+01	1.636995e+07	1.451075e-02	1.891591e+02	1.074729e-05
352	7.249192e+01	3.952903e+10	2.667816e-03	2.210709e+03	2.077698e-03
353	5.840172e+00	5.953711e+11	6.120537e-03	4.790860e+04	2.371415e-04
354	8.667052e+01	2.771468e+10	2.166527e-03	1.779330e+03	2.172140e-03
355	6.790126e+00	4.808985e+11	5.306106e-03	4.181141e+04	2.460410e-04
356	7.488606e+01	3.144443e+11	6.797351e-05	1.796806e+03	1.291589e-03
357	4.118230e+00	4.856321e+11	3.845621e-03	3.682477e+04	5.736159e-05
358	1.100403e+02	8.102941e+09	2.326503e-03	9.933439e+02	1.931866e-03
359	9.382442e+00	1.750953e+11	5.635669e-03	2.804460e+04	2.415693e-04
360	7.606725e+01	3.772529e+10	4.985002e-04	1.047420e+03	9.808861e-04
361	4.580524e+00	1.101541e+11	9.371538e-03	2.088090e+04	6.415213e-05
362	7.797121e+01	7.855662e+10	9.196722e-05	8.448157e+02	6.641079e-04
363	5.197009e+00	1.257011e+11	3.977383e-03	1.452606e+04	3.657722e-05
364	7.316030e+01	1.072151e+11	3.232847e-05	6.703872e+02	4.422646e-04
365	5.178876e+00	7.995252e+10	4.547146e-03	1.026089e+04	2.506042e-05
366	7.998808e+01	1.873558e+10	6.872290e-04	8.114155e+02	8.892899e-04
367	4.981346e+00	6.254817e+10	1.111422e-02	1.613953e+04	7.026459e-05
368	9.834237e+01	6.607911e+09	5.177160e-04	3.844407e+02	5.486882e-04
369	6.570500e+00	2.077152e+10	6.958996e-03	6.739497e+03	3.754535e-05
370	1.064613e+02	1.537601e+10	7.242127e-05	3.134887e+02	4.253422e-04
371	7.498948e+00	2.329662e+10	2.452725e-03	4.851188e+03	2.415209e-05
372	8.203404e+01	5.379383e+09	2.064080e-03	5.869244e+02	7.567115e-04
373	5.513324e+00	3.525681e+10	1.110330e-02	1.163817e+04	6.850025e-05
374	1.105536e+02	2.544886e+09	6.882784e-04	2.593376e+02	4.953365e-04
375	7.438601e+00	8.622668e+09	8.995124e-03	4.616538e+03	3.858648e-05
376	9.534311e+01	7.369657e+09	1.358469e-04	2.301178e+02	2.704640e-04
377	6.450125e+00	9.524300e+09	5.898111e-03	3.446543e+03	1.429883e-05
378	1.152281e+02	1.434681e+09	6.446990e-04	1.694229e+02	3.305286e-04
379	8.409336e+00	4.269025e+09	7.501972e-03	2.653494e+03	2.520213e-05
380	9.242333e+01	2.302634e+09	2.984426e-03	4.333369e+02	7.166748e-04
381	6.785249e+00	2.451985e+10	9.477408e-03	8.815058e+03	7.701555e-05
382	1.339013e+02	1.467000e+09	3.012386e-04	1.272064e+02	2.757241e-04
383	9.170791e+00	3.184981e+09	4.661136e-03	1.847241e+03	1.631734e-05
384	1.200939e+02	6.387982e+08	1.584569e-03	1.629423e+02	4.129841e-04
385	8.577268e+00	2.967449e+09	1.359191e-02	3.010101e+03	4.111990e-05
386	1.127037e+02	1.542428e+09	2.771671e-03	3.537347e+02	7.701922e-04
387	8.447992e+00	2.074689e+10	6.900829e-03	7.370569e+03	7.987693e-05
388	1.335498e+02	5.945313e+08	8.302315e-04	1.181582e+02	3.114111e-04
389	9.597143e+00	2.062605e+09	8.306256e-03	1.865520e+03	2.522277e-05
390	1.162207e+02	1.223185e+09	3.020186e-03	3.252220e+02	7.415342e-04
391	8.939092e+00	1.694750e+10	7.506383e-03	6.850876e+03	8.437291e-05
392	1.327370e+02	3.821679e+08	7.647674e-04	8.360410e+01	2.160007e-04
393	9.570383e+00	1.203158e+09	7.349392e-03	1.250234e+03	1.485894e-05
394	1.362086e+02	3.621092e+08	1.931415e-03	1.306245e+02	4.109514e-04
395	9.227480e+00	1.978176e+09	1.339466e-02	2.420210e+03	3.900987e-05
396	1.389068e+02	2.182840e+08	1.811487e-03	8.845211e+01	2.743241e-04
397	1.020845e+01	1.127412e+09	9.594907e-03	1.411276e+03	2.497956e-05
398	1.242830e+02	8.525276e+08	3.330950e-03	2.812540e+02	7.149102e-04
399	9.623846e+00	1.333052e+10	7.051783e-03	6.084577e+03	8.112525e-05
400	1.525143e+02	1.550250e+08	9.639691e-04	5.738714e+01	2.006782e-04
401	1.216498e+01	5.247945e+08	8.839377e-03	8.469173e+02	1.776982e-05
402	1.477033e+02	1.778789e+08	2.555346e-03	9.997593e+01	3.792526e-04
403	1.031940e+01	1.195514e+09	1.366105e-02	1.860673e+03	3.724071e-05
404	1.240412e+02	7.602924e+08	3.681447e-03	2.744000e+02	6.888339e-04
405	9.669084e+00	1.258939e+10	7.229026e-03	6.033153e+03	7.909438e-05
406	1.530637e+02	9.994655e+07	2.558922e-03	6.638328e+01	2.544022e-04
407	1.101919e+01	6.142429e+08	1.128588e-02	1.079203e+03	2.469509e-05
408	1.611693e+02	5.281442e+07	2.283339e-03	4.245545e+01	1.775496e-04
409	1.279088e+01	2.852665e+08	1.010561e-02	6.329617e+02	1.702633e-05
410	1.664792e+02	1.222136e+08	2.437642e-03	8.338756e+01	3.746550e-04
411	1.186192e+01	7.880130e+08	1.622508e-02	1.584381e+03	4.062853e-05
412	1.393334e+02	6.522239e+08	3.318147e-03	2.508723e+02	7.126598e-04
413	1.115905e+01	1.179283e+10	6.800663e-03	5.893237e+03	8.536345e-05
414	1.582909e+02	6.384193e+07	3.114347e-03	5.653294e+01	2.378656e-04
415	1.170107e+01	4.527730e+08	1.236604e-02	9.380830e+02	2.563846e-05
416	1.688540e+02	3.044543e+07	3.064415e-03	3.521154e+01	1.661233e-04
417	1.368709e+01	2.043123e+08	1.005659e-02	5.271419e+02	1.665575e-05
418	1.325904e+02	6.046349e+08	3.897288e-03	2.531707e+02	6.662042e-04
419	1.101886e+01	1.172306e+10	7.417952e-03	6.127659e+03	8.456160e-05
420	1.690070e+02	1.010336e+08	2.551734e-03	7.738588e+01	3.598392e-04
421	1.231718e+01	6.973170e+08	1.562224e-02	1.472924e+03	3.967787e-05
422	1.684058e+02	4.389320e+07	3.409374e-03	4.860839e+01	2.283352e-04
423	1.278926e+01	3.515356e+08	1.163600e-02	8.118988e+02	2.502046e-05
424	1.382805e+02	5.723966e+08	3.661845e-03	2.437825e+02	6.695259e-04
425	1.189510e+01	1.159574e+10	7.314904e-03	6.198462e+03	8.924604e-05
426	1.811578e+02	1.680748e+07	3.829667e-03	2.814804e+01	1.550989e-04
427	1.487516e+01	1.363572e+08	1.003652e-02	4.255986e+02	1.660561e-05
428	1.732806e+02	9.669352e+07	2.540133e-03	7.670379e+01	3.563936e-04
429	1.317890e+01	7.165711e+08	1.488656e-02	1.474502e+03	4.218991e-05
430	1.768748e+02	3.464031e+07	3.602895e-03	4.427229e+01	2.227310e-04
431	1.348864e+01	2.960927e+08	1.123566e-02	7.424605e+02	2.412369e-05
432	1.916005e+02	1.453684e+07	3.808865e-03	2.633931e+01	1.554177e-04
433	1.568414e+01	1.126499e+08	1.103267e-02	3.987706e+02	1.724741e-05
434	1.746494e+02	1.011748e+08	2.495186e-03	7.822586e+01	3.612790e-04
435	1.332177e+01	7.487597e+08	1.502894e-02	1.515698e+03	4.310547e-05
436	1.169050e+02	2.550314e+09	1.510274e-04	1.242166e+02	2.082584e-04
437	6.689087e+00	3.316638e+09	5.387842e-03	2.068883e+03	8.466300e-06
438	1.836009e+02	3.016187e+07	3.648306e-03	4.178944e+01	2.201498e-04
439	1.403326e+01	2.664670e+08	1.133379e-02	7.095494e+02	2.439157e-05
440	1.272427e+02	7.178742e+08	3.265061e-04	8.161751e+01	1.816695e-04
441	7.894577e+00	1.857415e+09	3.067467e-03	1.256862e+03	8.321834e-06
442	2.032540e+02	1.113768e+07	4.102228e-03	2.378756e+01	1.524325e-04
443	1.652745e+01	9.019307e+07	1.206990e-02	3.662744e+02	1.789946e-05
444	1.633266e+02	1.118009e+08	2.709174e-03	8.476454e+01	3.433021e-04
445	1.301359e+01	9.462168e+08	1.312018e-02	1.660962e+03	4.300169e-05
446	1.882332e+02	2.844296e+07	3.605890e-03	4.092603e+01	2.163005e-04
447	1.453310e+01	2.434171e+08	1.239906e-02	7.031866e+02	2.513699e-05
448	1.354600e+02	3.059628e+08	4.125628e-04	5.747884e+01	1.587285e-04
449	8.815837e+00	1.049862e+09	2.485778e-03	8.724977e+02	7.802186e-06
450	1.600426e+02	1.228454e+08	2.802957e-03	9.033345e+01	3.403241e-04
451	1.300228e+01	1.095448e+09	1.278554e-02	1.789006e+03	4.392913e-05
452	2.250163e+02	9.674465e+06	4.144025e-03	2.248297e+01	1.597522e-04
453	1.644745e+01	8.084548e+07	1.238830e-02	3.505740e+02	1.746195e-05
454	1.910519e+02	2.575496e+07	3.763367e-03	3.958611e+01	2.132781e-04
455	1.485825e+01	2.361293e+08	1.174436e-02	6.840933e+02	2.473959e-05
456	1.333510e+02	3.102868e+08	3.650964e-04	5.643970e+01	1.535009e-04
457	9.776895e+00	9.354591e+08	3.017431e-03	8.589101e+02	8.614601e-06
458	1.561562e+02	1.306862e+08	2.978576e-03	9.541785e+01	3.334765e-04
459	1.287463e+01	1.242037e+09	1.258602e-02	1.921164e+03	4.419868e-05
460	2.148318e+02	8.806834e+06	4.386216e-03	2.191629e+01	1.476434e-04
461	1.751889e+01	7.644184e+07	1.199863e-02	3.401552e+02	1.745131e-05
462	1.617460e+02	6.346256e+07	1.031001e-03	3.414882e+01	1.400837e-04
463	1.184794e+01	2.349954e+08	7.060604e-03	5.042791e+02	9.539374e-06
464	1.960927e+02	2.515397e+07	3.682560e-03	3.922614e+01	2.127248e-04
465	1.535262e+01	2.181899e+08	1.319867e-02	6.859574e+02	2.607501e-05
466	1.525849e+02	1.399927e+08	3.193278e-03	1.012771e+02	3.288085e-04
467	1.283909e+01	1.403728e+09	1.266898e-02	2.068554e+03	4.482041e-05
468	2.233581e+02	8.177423e+06	4.477475e-03	2.139858e+01	1.488052e-04
469	1.762123e+01	7.306933e+07	1.210415e-02	3.347404e+02	1.730810e-05
470	1.720557e+02	3.437899e+07	1.333711e-03	2.718116e+01	1.301805e-04
471	1.261714e+01	1.413276e+08	8.062262e-03	3.991914e+02	9.499193e-06
472	1.953696e+02	2.353864e+07	3.879642e-03	3.878356e+01	2.059953e-04
473	1.540942e+01	2.139831e+08	1.287297e-02	6.805521e+02	2.504503e-05
474	1.509070e+02	1.372044e+08	3.446440e-03	1.030215e+02	3.208809e-04
475	1.321966e+01	1.495156e+09	1.251315e-02	2.160850e+03	4.590017e-05
476	2.321130e+02	7.599090e+06	4.448339e-03	2.079586e+01	1.486731e-04
477	1.826236e+01	6.865342e+07	1.244287e-02	3.297209e+02	1.772888e-05
478	1.805988e+02	1.731139e+07	2.312904e-03	2.253014e+01	1.217754e-04
479	1.377441e+01	9.153520e+07	9.772104e-03	3.296931e+02	1.019922e-05
480	2.036037e+02	2.442298e+07	3.695465e-03	3.924450e+01	2.124863e-04
481	1.540190e+01	2.070626e+08	1.437224e-02	6.944295e+02	2.601174e-05
482	1.468557e+02	1.347275e+08	3.810693e-03	1.053285e+02	3.097219e-04
483	1.310188e+01	1.533031e+09	1.332353e-02	2.264226e+03	4.592009e-05
484	2.208842e+02	7.463846e+06	4.712836e-03	2.104529e+01	1.397852e-04
485	1.865305e+01	6.813372e+07	1.251735e-02	3.310109e+02	1.749972e-05
486	1.970182e+02	1.086073e+07	2.884950e-03	1.917223e+01	1.199012e-04
487	1.551192e+01	6.478209e+07	1.094251e-02	2.798890e+02	1.142523e-05
488	2.022251e+02	2.481577e+07	3.593100e-03	3.960198e+01	2.077928e-04
489	1.647564e+01	2.041739e+08	1.529580e-02	7.044633e+02	2.835672e-05
490	3.196270e+02	5.164609e+05	7.667906e-03	5.484124e+00	7.400205e-05
491	2.786149e+01	5.605849e+06	1.501628e-02	8.316880e+01	9.010005e-06
492	2.297421e+02	7.536274e+06	4.614528e-03	2.119115e+01	1.434206e-04
493	1.875323e+01	6.798739e+07	1.333280e-02	3.372522e+02	1.832811e-05
494	1.988173e+02	9.386859e+06	3.199626e-03	1.837325e+01	1.177714e-04
495	1.560462e+01	5.917428e+07	1.129075e-02	2.683799e+02	1.140510e-05
496	2.077480e+02	2.380308e+07	3.614359e-03	3.916385e+01	2.083211e-04
497	1.723171e+01	1.994757e+08	1.545409e-02	7.006937e+02	2.942867e-05
498	3.154102e+02	6.292412e+05	7.353055e-03	6.039811e+00	7.531465e-05
499	2.630734e+01	6.445207e+06	1.499012e-02	8.847236e+01	8.694857e-06
500	2.272976e+02	7.213666e+06	4.884537e-03	2.119720e+01	1.387133e-04
501	1.862755e+01	6.588317e+07	1.329528e-02	3.353656e+02	1.715467e-05
502	2.081417e+02	5.845959e+06	4.158869e-03	1.574411e+01	1.115715e-04
503	1.683960e+01	4.443982e+07	1.155580e-02	2.296537e+02	1.162545e-05
504	2.072594e+02	2.310534e+07	3.697341e-03	3.907110e+01	2.038955e-04
505	1.732102e+01	1.893933e+08	1.659102e-02	7.006989e+02	2.949506e-05
506	3.244124e+02	6.525775e+05	7.270488e-03	6.174548e+00	7.712157e-05
507	2.751479e+01	6.468924e+06	1.523808e-02	8.892259e+01	9.570148e-06
508	2.302661e+02	7.020725e+06	4.967419e-03	2.114482e+01	1.381308e-04
509	1.904040e+01	6.433053e+07	1.404705e-02	3.373538e+02	1.784859e-05
510	2.228083e+02	4.020368e+06	4.617885e-03	1.357006e+01	1.082258e-04
511	1.997082e+01	3.260513e+07	1.169709e-02	1.965143e+02	1.323660e-05
512	2.055649e+02	2.178093e+07	3.803367e-03	3.845222e+01	1.971967e-04
513	1.726557e+01	1.766717e+08	1.750314e-02	6.922731e+02	2.886322e-05
514	3.084095e+02	6.556391e+05	7.313720e-03	6.242872e+00	7.247449e-05
515	2.984810e+01	6.388115e+06	1.555686e-02	8.895454e+01	1.044426e-05
516	2.362128e+02	7.023391e+06	4.931136e-03	2.128631e+01	1.393179e-04
517	1.957138e+01	6.272422e+07	1.531994e-02	3.426426e+02	1.897439e-05
518	2.270030e+02	3.681446e+06	4.804317e-03	1.326336e+01	1.064545e-04
519	2.015902e+01	3.132957e+07	1.176317e-02	1.924695e+02	1.283195e-05
520	2.085979e+02	2.049265e+07	3.831811e-03	3.777100e+01	1.932672e-04
521	1.818373e+01	1.617285e+08	1.921579e-02	6.842233e+02	3.034582e-05
522	3.216490e+02	6.607077e+05	7.312014e-03	6.299291e+00	7.490219e-05
523	2.928839e+01	6.260488e+06	1.595049e-02	8.894110e+01	1.026897e-05
524	2.313758e+02	6.900126e+06	5.285774e-03	2.158944e+01	1.354395e-04
525	1.919185e+01	6.242266e+07	1.548583e-02	3.444350e+02	1.797258e-05
526	2.450914e+02	3.086702e+06	5.058955e-03	1.243831e+01	1.085937e-04
527	2.043157e+01	2.781077e+07	1.147998e-02	1.805288e+02	1.246542e-05
528	2.130373e+02	2.093249e+07	3.720134e-03	3.801155e+01	1.968009e-04
529	1.891083e+01	1.640650e+08	1.928637e-02	6.892477e+02	3.166870e-05
530	3.088399e+02	7.300569e+05	7.349216e-03	6.645696e+00	7.359937e-05
531	2.811862e+01	6.832732e+06	1.659230e-02	9.346790e+01	9.908103e-06
532	2.491792e+02	2.761559e+06	5.163227e-03	1.191490e+01	1.060463e-04
533	2.150417e+01	2.545719e+07	1.142760e-02	1.733287e+02	1.279515e-05
534	7.738227e+01	2.750830e+09	4.277253e-05	8.509519e+01	7.500543e-05
535	1.486827e+01	1.333623e+09	4.372863e-03	7.196307e+02	1.142957e-05
536	2.598258e+02	2.549622e+06	5.276101e-03	1.162445e+01	1.065841e-04
537	2.175128e+01	2.403060e+07	1.156044e-02	1.699078e+02	1.268617e-05
538	2.647122e+02	2.427801e+06	5.375252e-03	1.147852e+01	1.059699e-04
539	2.210588e+01	2.320852e+07	1.166810e-02	1.681387e+02	1.267643e-05
540	2.508928e+02	2.510707e+06	5.561565e-03	1.188277e+01	9.984040e-05
541	2.258467e+01	2.426500e+07	1.179481e-02	1.730549e+02	1.267862e-05
542	2.468814e+02	2.404622e+06	5.711992e-03	1.178986e+01	9.616164e-05
543	2.362575e+01	2.352981e+07	1.199578e-02	1.719164e+02	1.309637e-05
544	2.496124e+02	2.353743e+06	5.756414e-03	1.176376e+01	9.546153e-05
545	2.399636e+01	2.274669e+07	1.254285e-02	1.720688e+02	1.330491e-05
546	2.649902e+02	2.253467e+06	5.952702e-03	1.167835e+01	9.926914e-05
547	2.351890e+01	2.105941e+07	1.378879e-02	1.708856e+02	1.324054e-05
548	2.771426e+02	2.392903e+06	5.649071e-03	1.200323e+01	1.025407e-04
549	2.390867e+01	1.988701e+07	1.723757e-02	1.771297e+02	1.468581e-05
550	2.694231e+02	2.390689e+06	5.995444e-03	1.222435e+01	9.956761e-05
551	2.338746e+01	1.998172e+07	1.724112e-02	1.781021e+02	1.392673e-05
